(array([7230, 2530, 7310, 7520, 9760, 7580,  460, 8410, 3790, 6770, 9220,
        4290, 7380, 4230, 9610, 8290, 1800, 4760,  200, 6570, 2510, 7770,
        1730, 8590, 8780, 2040, 6680, 5990, 5440, 2530]),
 array([310, 390, 300, 370, 230, 330, 250, 360, 480, 380, 350, 520, 220,
        370, 550, 400, 430, 560, 560, 320, 290, 450, 390, 380, 500, 200,
        340, 560, 490, 500]),
 array([-10,  11,   5, -90,  88,  13,  46,  40,  82, -41,  31,  64,  68,
        -43,  65,  14,  87, -90,  66,  29,  81, -85,  33, -19,  28, -12,
        -52,  39,  57,  67]),
 array([-5.5,  5. , -0.4, -2.3,  4.3,  7.4, -2.5, -1.2, -1.2, -2.2,  1.1,
        -2.8, -3.3,  3.3,  1.1, -0. ,  1.5,  4.7,  2.6,  8.6, -3.3,  7. ,
        -3. , -4.1, -2.3, -0.6,  0.4, -1.2, -3.4, -3.1]),
 array([ -8.5,   9. ,   6.6,   3. ,  22.8,  10.9,  22.9,  22.7,  22.8,
        -12.5,   5.7,  19.8,   6.1, -12.2,  22.5,  11.9,  19.7,   2.3,
          1.4,   3.6,   5.4,  -9.4,   5.9, -15.6,   5.2, -10.5, -12.8,
          4.2,   5.4,   6. ]),
 261.7093819861209,
 475.82515846271156,
 465.3983952329129)


(array([1030, 3030, 3040,  200, 2530,  610, 1500,  450, 3690, 4270]),
 array([550, 720, 510, 230, 370, 470, 200, 260, 750, 560]),
 array([-83, -43, -68,  38, -19,  27, -67, -56,  36,   0]),
 array([-13.2,   8.4,  -8. ,   7.2, -16.1,  15.8,  -8.1,   7.8,   5.8,
         -0. ]),
 array([-18.7, -18.3, -18.7,  18.2, -17.5,  28.7, -18.8, -17.8,  -1.5,
          0.9]),
 109.23273495333743,
 174.43651271448792,
 173.60540951931353)